0.082 0.334 0.068 0.2 0.538 0.248 0.156 0.516 0.524 0.328 0.01 0.49 0.362 0.054 0.122 0.382 0.59 0.484 0.054 0.072 0.582 0.408 0.004 0.306 0.584 0.164 0.042 0.232 0.436 0.19 0.094 0.252 0.142 0.276 0.138 0.224 0.334 0.398 0.47 0.588 0.406 0.222 0.244 0.066 0.546 0.328 0.282 0.422 0.106 0.536 0.094 0.088 0.524 0.114 0.474 0.518 0.046 0.282 0.458 0.356 0.032 0.07 0.58 0.084 0.576 0.212 0.08 0.484 0.128 0.296 0.292 0.21 0.58 0.258 0.14 0.1 0.012 0.402 0.186 0.496 0.258 0.046 0.168 0.308 0.312 0.28 0.332 0.352 0.262 0.416 0.288 0.078 0.052 0.446 0.274 0.476 0.436 0.564 0.258 0.082 
0.066 0.43 0.278 0.516 0.408 0.06 0.354 0.412 0.346 0.372 0.442 0.49 0.448 0.344 0.54 0.258 0.154 0.546 0.594 0.024 0.572 0.18 0.322 0.072 0.31 0.334 0.51 0.548 0.262 0.104 0.1 0.5 0.282 0.248 0.332 0.26 0.414 0.382 0.014 0.474 0.314 0.574 0.306 0.366 0.49 0.418 0.218 0.316 0.442 0.576 0.244 0.092 0.412 0.26 0.426 0.136 0 0.382 0.324 0.31 0.02 0.118 0.048 0.274 0.496 0.366 0.59 0.282 0.004 0.1 0.182 0.472 0.148 0.44 0.192 0.042 0.096 0.198 0.336 0.368 0.362 0.468 0.106 0.398 0.036 0.076 0 0.376 0.254 0.334 0.256 0.386 0.096 0.566 0.214 0.042 0.42 0.034 0.026 0.428 
0.418 0.232 0.07 0.102 0.4 0.298 0.038 0.112 0.596 0.006 0.448 0.416 0.288 0.418 0.578 0.004 0.39 0.17 0.186 0.486 0.446 0.174 0.428 0.406 0.496 0 0.516 0.036 0.36 0.592 0.196 0.562 0.178 0.196 0.218 0.314 0.144 0.444 0.476 0.584 0.076 0.358 0.38 0.514 0.316 0.382 0.03 0.176 0.512 0.222 0.004 0.468 0.544 0.51 0.456 0.292 0.524 0.172 0.55 0.466 0.338 0.084 0.288 0.432 0.562 0.396 0.244 0.102 0.242 0.598 0.514 0.552 0.584 0.178 0.55 0.424 0.4 0.22 0.006 0.338 0.322 0.576 0.402 0.378 0.51 0.446 0.404 0.17 0.364 0.17 0.176 0.452 0.234 0.114 0.464 0.064 0.538 0.108 0.442 0.178 
0.352 0.258 0.536 0.384 0.25 0.11 0.268 0.098 0.482 0.424 0.29 0.12 0.236 0.306 0.478 0.246 0.158 0.392 0.374 0.458 0.098 0.074 0.132 0.098 0.386 0.19 0.594 0.032 0.172 0.41 0.376 0.164 0.31 0.468 0.228 0.002 0.232 0.542 0.172 0.526 0.226 0.11 0.57 0.506 0.024 0.016 0.064 0.49 0.226 0.312 0.242 0.116 0.492 0.164 0.362 0.488 0.192 0.244 0.458 0.122 0.27 0.1 0.146 0.532 0.088 0.118 0.384 0.078 0.306 0.448 0.108 0.22 0.49 0.498 0.572 0.426 0.548 0.244 0.136 0.436 0.374 0.01 0.516 0.382 0.004 0.05 0.154 0.428 0.028 0.048 0.468 0.148 0.144 0.118 0.266 0.34 0.574 0.194 0.036 0.154 
0.146 0.34 0.526 0.536 0.184 0.37 0.204 0.16 0.226 0.254 0.004 0.398 0.454 0.45 0.086 0.248 0.446 0.544 0.322 0.162 0.206 0.264 0.21 0.586 0.45 0.262 0.184 0.284 0.244 0.172 0.328 0.2 0.574 0.52 0.426 0.148 0.34 0.14 0.47 0.466 0.422 0.52 0.592 0.334 0.17 0.5 0.28 0.388 0.59 0.048 0.238 0.05 0.352 0.188 0.316 0.404 0.542 0.532 0.356 0.186 0.302 0.568 0.236 0.528 0.238 0.104 0.2 0.174 0.32 0.252 0.02 0.514 0.14 0.43 0.552 0.454 0.086 0.516 0.528 0.018 0.164 0.572 0.33 0.374 0.354 0.148 0.45 0.254 0.458 0.256 0.446 0.04 0.004 0.524 0.246 0.592 0.274 0.122 0.59 0.25 
0.128 0.32 0.404 0.032 0.46 0.452 0.422 0.342 0.222 0.094 0.306 0.44 0.18 0.448 0.376 0.326 0.28 0.302 0.124 0.058 0 0.026 0.116 0.356 0.53 0.214 0.154 0 0.516 0.278 0.406 0.32 0.314 0.448 0.354 0.016 0.226 0.374 0.002 0.1 0.12 0.456 0.186 0.168 0.41 0.48 0.422 0.408 0.47 0.512 0.144 0.5 0.446 0.17 0.312 0.232 0.252 0.114 0.252 0.314 0.474 0.342 0.338 0.522 0.592 0.244 0.434 0.424 0.234 0.192 0.37 0.082 0.246 0.258 0.458 0.13 0.518 0.464 0.192 0.31 0.106 0.324 0.568 0.068 0.108 0.344 0.314 0.538 0.064 0.526 0.414 0.166 0.022 0.47 0.334 0.096 0.35 0.076 0.246 0.484 
0.108 0.422 0.482 0.15 0.318 0.25 0.442 0.34 0.252 0.268 0.41 0.566 0.3 0.596 0.158 0.402 0.386 0.268 0.274 0.268 0.312 0.386 0.552 0.41 0.124 0.096 0.562 0 0.026 0.282 0.11 0.51 0.484 0.124 0.022 0.554 0.048 0.556 0.504 0.286 0.192 0.146 0.28 0.026 0.55 0.544 0.436 0.02 0.234 0.464 0.424 0.19 0.538 0.262 0.48 0.176 0.37 0.38 0.594 0.378 0.38 0.29 0.306 0.228 0.102 0.08 0.288 0.316 0.07 0.118 0.184 0.21 0.128 0.362 0.006 0.458 0.15 0.416 0.384 0.594 0.298 0.312 0.122 0.254 0.334 0.282 0.058 0.08 0.426 0.148 0.402 0.154 0.23 0.566 0.226 0.584 0.048 0.402 0.584 0.318 
0.54 0.056 0.254 0.368 0.35 0.372 0.396 0.14 0.574 0.294 0.408 0.406 0.442 0.326 0.012 0.526 0.02 0.542 0.378 0.48 0.328 0.084 0.238 0.426 0.182 0.208 0.036 0.464 0.3 0.01 0.35 0.078 0.006 0.044 0.196 0.294 0.168 0.296 0.542 0.328 0.226 0.55 0.49 0.424 0.292 0.156 0.538 0.524 0.238 0.37 0.178 0.088 0.33 0.48 0.29 0.016 0.236 0.54 0.002 0.246 0.264 0.344 0.304 0.374 0.14 0.126 0.402 0.006 0.046 0.454 0.4 0.538 0.43 0.33 0.056 0.486 0.294 0.576 0.486 0.074 0.418 0.126 0.498 0.362 0.176 0.484 0.016 0.52 0.442 0.516 0.508 0.376 0.092 0.18 0.298 0.486 0.26 0.24 0.296 0.134 
0.072 0.166 0.07 0.252 0.37 0.276 0.506 0.258 0.248 0.296 0.246 0.118 0.314 0.332 0.288 0.51 0.436 0.052 0.422 0.05 0.51 0.202 0.098 0.392 0.568 0.43 0.528 0.484 0.55 0.426 0.484 0.592 0.096 0.344 0.052 0.412 0.146 0.258 0.008 0.21 0.452 0.224 0.35 0.186 0.13 0.272 0.072 0.082 0.428 0.588 0.312 0.104 0.472 0.476 0.164 0.31 0.03 0.462 0.46 0.282 0.45 0.422 0.474 0.572 0.38 0.3 0.524 0.068 0.186 0.306 0.232 0.504 0.416 0.124 0.066 0.108 0.206 0.268 0.406 0.312 0.296 0.048 0.034 0.026 0.218 0.056 0.2 0.16 0.036 0.116 0.1 0.31 0.322 0.528 0.406 0.152 0.486 0.418 0.404 0.522 
0.578 0.096 0.164 0.306 0.148 0.24 0.004 0.046 0.462 0.338 0.556 0.318 0.216 0.238 0.542 0.006 0.09 0.362 0.208 0.184 0.57 0.226 0.196 0.378 0.244 0.476 0.274 0.22 0.522 0.468 0.416 0.122 0.118 0.386 0.03 0.138 0.074 0.138 0.116 0 0.342 0.328 0.234 0.03 0.51 0.03 0.06 0.078 0.424 0.376 0.364 0.308 0.37 0.02 0.368 0.348 0.56 0.23 0.302 0.482 0.23 0.358 0.02 0.196 0.546 0.376 0.554 0.264 0.512 0.378 0.026 0.216 0.082 0.38 0.446 0.126 0.056 0.568 0.356 0 0.542 0.17 0.148 0.342 0.466 0.134 0.106 0.39 0.136 0.25 0.152 0.058 0.3 0.396 0.018 0.386 0.372 0.16 0.432 0.498 
0.534 0.056 0.558 0.128 0.042 0.01 0.252 0.432 0.032 0.252 0.332 0.574 0.162 0.328 0.28 0.572 0.042 0.524 0.042 0.128 0.418 0.03 0.404 0.346 0.048 0.482 0.09 0.524 0.446 0.462 0.012 0.536 0.036 0.404 0.214 0.014 0.162 0.224 0.272 0.46 0.228 0.218 0.368 0.312 0.58 0.586 0.592 0.104 0.308 0.29 0.016 0.496 0.582 0.424 0.062 0.228 0.478 0.316 0.244 0.008 0.19 0.304 0.138 0.558 0.476 0.046 0.036 0.132 0.518 0.196 0.572 0.392 0.524 0.466 0.316 0.044 0.492 0.184 0.274 0.05 0.294 0.116 0.004 0.414 0.396 0.46 0.384 0.4 0.156 0.198 0.104 0.096 0.164 0.48 0.23 0.15 0.124 0.534 0.272 0.194 
0.436 0.194 0.056 0.102 0.232 0.46 0.498 0.25 0.116 0.458 0.44 0.28 0.32 0.294 0.524 0.31 0.55 0.384 0.322 0.508 0.396 0.092 0.028 0.492 0.376 0.138 0.476 0.126 0.15 0.43 0.242 0.35 0.03 0.256 0.068 0.54 0.01 0.328 0.114 0.324 0.122 0.448 0.498 0.138 0.06 0.246 0.3 0.466 0.25 0.22 0.474 0.272 0.074 0.156 0.186 0.272 0.228 0.528 0.182 0.298 0.47 0.21 0.274 0.208 0.274 0.446 0.328 0.14 0.216 0.536 0.162 0.37 0.304 0.146 0.304 0.188 0.552 0.252 0.392 0.144 0.498 0.48 0.148 0.438 0.086 0.422 0.282 0.378 0.038 0.33 0.41 0.17 0.032 0.5 0.23 0.418 0.528 0.332 0.186 0.348 
0.018 0 0.39 0.546 0.578 0.522 0.544 0.536 0.116 0.462 0.336 0.452 0.02 0.444 0.348 0.158 0.02 0.304 0.564 0.382 0.39 0.128 0.548 0.328 0.404 0.11 0.52 0.348 0.144 0.242 0.044 0.094 0.554 0.378 0.21 0.39 0.588 0.3 0.286 0.308 0.162 0.224 0.544 0.078 0.456 0.424 0.324 0.534 0.216 0.43 0.216 0.246 0.118 0.068 0.208 0.172 0.238 0.116 0.49 0.212 0.132 0.2 0.534 0.584 0.374 0.064 0.512 0.148 0.294 0.442 0.566 0.244 0.462 0.552 0.166 0.496 0.246 0.564 0.236 0.152 0.44 0.422 0.164 0.312 0.58 0.45 0.248 0.372 0.354 0.138 0.486 0.068 0.154 0.336 0.336 0.182 0.192 0.566 0.056 0.454 
0.052 0.542 0.394 0.424 0.206 0.454 0.016 0.29 0.416 0.57 0.476 0.474 0.086 0.026 0.002 0.3 0.456 0.022 0.5 0.498 0.184 0.508 0.538 0.162 0.33 0.334 0.026 0.586 0.068 0.544 0.544 0.06 0.002 0.484 0.154 0.154 0.54 0.204 0.528 0.362 0.18 0.246 0.274 0.446 0.158 0.19 0.138 0.454 0.084 0.22 0.564 0.516 0.252 0.374 0.34 0.256 0.502 0.316 0.026 0.52 0.566 0.572 0.084 0.42 0.544 0.456 0.268 0.282 0.036 0.406 0.334 0.53 0.276 0.162 0.514 0.5 0.228 0.596 0.516 0.522 0.526 0.112 0.214 0.356 0.578 0.47 0.13 0.55 0.172 0.372 0.066 0.52 0.26 0.496 0.456 0.184 0.266 0.28 0.332 0.47 
0.02 0.398 0.274 0.584 0.364 0.256 0.504 0.538 0.088 0.388 0.016 0.504 0.494 0.064 0.47 0.016 0.528 0.394 0.286 0.098 0.23 0.282 0.378 0.4 0.024 0.096 0.446 0.102 0.348 0.266 0.382 0.4 0.108 0.18 0.394 0.238 0.16 0.156 0.062 0.288 0.08 0.574 0.598 0.05 0.166 0.276 0.584 0.386 0.104 0.222 0.12 0.468 0.08 0.594 0.17 0.458 0.08 0.41 0.582 0.384 0.02 0.098 0.556 0.558 0.142 0.554 0.146 0.186 0.24 0.394 0.052 0.152 0.58 0.564 0.156 0.118 0.036 0.178 0.318 0.298 0.048 0.144 0.36 0.016 0.134 0.016 0.354 0.406 0.14 0.414 0.192 0.148 0.444 0.022 0.238 0.522 0.512 0.58 0.526 0.366 
0.432 0.264 0.504 0.082 0.308 0.426 0.324 0.392 0.32 0.43 0.208 0.398 0.072 0.36 0.396 0.064 0.574 0.368 0.08 0.434 0.412 0.54 0.482 0.564 0.098 0.446 0.516 0.21 0.442 0.59 0.192 0.032 0.156 0.556 0.158 0.316 0.554 0.3 0.414 0.058 0.162 0.59 0.556 0.152 0.306 0.398 0.168 0.53 0.186 0.216 0.344 0.286 0.458 0.028 0.536 0.51 0.182 0.546 0.444 0.296 0.502 0.372 0.088 0.492 0.154 0.234 0.458 0.432 0.348 0.382 0.338 0.224 0.092 0.186 0.182 0.43 0.498 0.314 0.48 0.504 0.472 0.302 0.374 0.052 0.524 0.31 0.166 0.588 0.36 0.394 0.13 0.13 0.226 0.522 0.556 0.156 0.156 0.08 0.222 0.294 
0.09 0.34 0.55 0.578 0.3 0.298 0.066 0.13 0.028 0.364 0.014 0.264 0.392 0.334 0.044 0.164 0.02 0.482 0.062 0.174 0.21 0.358 0.042 0.476 0.302 0.494 0.416 0.092 0.152 0.518 0.378 0.244 0.132 0.172 0.31 0.456 0.428 0.12 0.306 0.154 0.296 0.406 0.122 0.462 0.564 0.31 0.194 0.412 0.104 0.442 0.392 0.362 0.442 0.31 0.094 0.248 0.036 0.27 0.552 0.548 0.318 0.196 0.148 0.506 0.044 0.27 0.286 0.176 0.106 0.064 0.494 0.36 0.252 0.356 0.3 0.202 0.122 0.198 0.31 0.526 0.032 0.146 0.122 0.29 0.346 0.148 0.1 0.106 0.562 0.174 0.598 0.22 0.086 0.13 0.544 0.258 0.162 0.024 0.552 0.362 
0.294 0.38 0.342 0.21 0.544 0.064 0.178 0.04 0.13 0.262 0.116 0.386 0.212 0.356 0.296 0.212 0.342 0.332 0.192 0.394 0.24 0.588 0.458 0.176 0.218 0.568 0.538 0.356 0.034 0.23 0.252 0.168 0.336 0.412 0.256 0.194 0.436 0.18 0.398 0.17 0.172 0.598 0.24 0.02 0.542 0.426 0.23 0.17 0.036 0.56 0.262 0.134 0.574 0.488 0.172 0.214 0.32 0.254 0.348 0.062 0.504 0.542 0.136 0.386 0.17 0.074 0.222 0.408 0.154 0.212 0.536 0.444 0.426 0.4 0.484 0.274 0.076 0.176 0.31 0.178 0.294 0.362 0.386 0.168 0.374 0.522 0.186 0.234 0.402 0.164 0.094 0.13 0.506 0.408 0.168 0.39 0.05 0.442 0.128 0.362 
0.144 0.012 0.112 0.086 0.186 0.16 0.36 0.336 0.222 0.426 0.536 0.502 0.432 0.158 0.536 0.48 0.062 0.066 0.158 0.526 0.518 0.506 0.072 0.59 0.13 0.348 0.44 0.27 0.36 0.552 0.31 0.05 0.342 0.416 0.118 0.312 0.404 0.264 0.21 0.48 0.35 0.524 0.17 0.124 0.16 0.072 0.594 0.004 0.016 0.36 0.48 0.152 0.116 0.586 0.48 0.292 0.148 0.346 0.394 0.36 0.47 0.544 0 0.214 0.31 0.532 0.482 0.376 0.362 0.136 0.23 0.392 0.05 0.218 0.224 0.272 0.11 0.324 0.286 0.284 0.042 0.444 0.424 0.496 0.436 0.136 0.034 0.228 0.5 0.18 0.07 0.318 0.338 0.59 0.406 0.28 0.158 0.398 0.01 0.382 
0.122 0.562 0.104 0.106 0.066 0.458 0.174 0.284 0.306 0.566 0.04 0.428 0.036 0.488 0.326 0.058 0.504 0.528 0.538 0.34 0.01 0.094 0.188 0.374 0.052 0.552 0.046 0.48 0.358 0.58 0.376 0.22 0.342 0.49 0.242 0.54 0.166 0.378 0.51 0.356 0.358 0.412 0.124 0.07 0.174 0.392 0.466 0.576 0.07 0.558 0.186 0.18 0.124 0.13 0.402 0.41 0.214 0.534 0.538 0.268 0.542 0.514 0.196 0.49 0.194 0.236 0.276 0.288 0.344 0.326 0.056 0.328 0.002 0.046 0.58 0.208 0.202 0.454 0.194 0.584 0.542 0.526 0.402 0.326 0.442 0.53 0.042 0.09 0.02 0.39 0.482 0.044 0.024 0.102 0.43 0.51 0.186 0.076 0.558 0.164 
0.216 0.108 0.444 0.014 0.49 0.276 0.288 0.18 0.278 0.108 0.008 0.246 0.05 0.556 0.248 0.362 0.46 0.066 0.046 0.388 0.06 0.492 0.374 0.09 0.41 0.432 0.1 0.178 0.076 0.126 0.47 0.594 0.218 0.06 0.248 0.216 0.074 0.348 0.24 0.144 0.186 0.51 0.268 0.522 0.312 0.012 0.168 0.35 0.364 0.038 0.282 0.264 0.168 0.358 0.558 0.566 0.534 0.472 0.25 0.236 0.274 0.056 0.038 0.354 0.474 0.582 0.312 0.59 0.32 0.002 0.186 0.264 0.072 0.16 0.35 0.414 0.368 0.348 0.038 0.18 0.152 0.082 0.102 0.458 0.18 0.348 0.544 0.582 0.378 0.374 0.58 0.478 0.386 0.106 0.526 0.362 0.206 0.01 0.352 0.358 
0.39 0.278 0.136 0.396 0.166 0.478 0.23 0.042 0.586 0.452 0.244 0.276 0.456 0.562 0.198 0.556 0.382 0.246 0.486 0.468 0.286 0.298 0.004 0.014 0.204 0.482 0.374 0.492 0.582 0.074 0.226 0 0.032 0.38 0.524 0.47 0.052 0.42 0.154 0.564 0.32 0.378 0.01 0.148 0.526 0.044 0.19 0.132 0.32 0.076 0.576 0.022 0.09 0.334 0.05 0.334 0.578 0.084 0.326 0.494 0.404 0.434 0.198 0.246 0.252 0.006 0.096 0.102 0.14 0.472 0.316 0.334 0.112 0.21 0.262 0.524 0.238 0.35 0.112 0.062 0.59 0.488 0.582 0.206 0.176 0.03 0.5 0.038 0.544 0.582 0.566 0.466 0.55 0.084 0.338 0 0.508 0.156 0.57 0.314 
0.266 0.586 0.58 0.406 0.5 0.266 0.444 0.542 0.222 0.18 0.076 0.082 0.316 0.294 0.504 0.116 0.358 0.204 0.566 0.18 0.204 0.536 0.444 0.19 0.27 0.016 0.122 0.484 0.588 0.598 0.176 0.156 0.284 0.314 0.482 0.094 0.538 0.29 0.36 0.226 0.528 0.42 0.522 0.37 0.546 0.408 0.324 0.006 0.404 0.538 0.108 0.458 0.104 0.548 0.498 0.26 0.288 0.088 0.298 0.036 0.13 0.526 0.104 0.546 0.34 0.062 0.294 0.022 0.338 0.596 0.596 0.406 0.104 0.358 0.306 0.286 0.244 0.376 0.126 0.068 0.5 0.444 0.08 0.022 0.384 0.502 0.16 0.354 0.032 0.352 0.556 0.24 0.43 0.296 0.196 0.158 0.27 0.114 0.366 0.324 
0.004 0.124 0.44 0.54 0.244 0.546 0.082 0.172 0.176 0.034 0.434 0.184 0.396 0.334 0.098 0.13 0.378 0.064 0.238 0.362 0.406 0.06 0.256 0.062 0.378 0.104 0.06 0.544 0.128 0.214 0.59 0.456 0.562 0.38 0.42 0.154 0.342 0.072 0.318 0.486 0.08 0.066 0.074 0.386 0.26 0.348 0.186 0.564 0.206 0.122 0.38 0.324 0.214 0.594 0.502 0.246 0.38 0.434 0.08 0.406 0.332 0.166 0.522 0.318 0.49 0.572 0.502 0.13 0.202 0.08 0.218 0.594 0.566 0.3 0.116 0.042 0.35 0.562 0.174 0.542 0.174 0.198 0.408 0.158 0.076 0.4 0.46 0.122 0.236 0.41 0.08 0.456 0.318 0.444 0.596 0.32 0.196 0.07 0.562 0.028 
0.134 0.386 0.192 0.522 0.492 0.076 0.34 0.276 0.352 0.51 0.034 0.342 0.52 0.104 0.516 0.266 0.31 0.53 0.252 0.002 0.068 0.318 0.386 0.496 0.546 0.384 0.586 0.066 0.274 0.006 0.18 0.022 0.388 0.136 0.454 0.596 0.178 0.496 0.558 0.494 0.098 0.062 0.138 0.55 0.196 0.498 0.472 0.598 0.046 0.486 0.462 0.308 0.122 0.468 0.17 0.534 0.032 0.586 0.408 0.332 0.106 0.016 0.046 0.168 0.384 0.334 0.296 0.138 0.26 0.422 0.028 0.38 0.054 0.086 0.208 0.198 0.548 0.59 0.412 0.116 0.378 0.516 0.418 0.378 0.094 0.08 0.436 0.128 0.55 0.052 0.378 0.206 0.132 0.024 0.48 0.54 0.552 0.39 0.282 0.572 
0.502 0.218 0.174 0.566 0.17 0.58 0.1 0.172 0.51 0.562 0.456 0.004 0.554 0.524 0.048 0.53 0.544 0.464 0.57 0.056 0.092 0.378 0.356 0.166 0.05 0.53 0.12 0.49 0.156 0.242 0.11 0.24 0.054 0.346 0.468 0.502 0.35 0.272 0.268 0.002 0.074 0.02 0.548 0.18 0.512 0.342 0.56 0.27 0.09 0.364 0.05 0.236 0.146 0.424 0.274 0.396 0.01 0.524 0.434 0.584 0.078 0.294 0.292 0.406 0.462 0.23 0.478 0.116 0.258 0.49 0.188 0.198 0.29 0.344 0.15 0.524 0.544 0.546 0.16 0.276 0.394 0.484 0.416 0.006 0.354 0.25 0.068 0.402 0.156 0.164 0.138 0.072 0.356 0.478 0.276 0.242 0.452 0.326 0.354 0.55 
0.248 0.362 0.2 0.322 0.124 0.204 0.296 0.39 0.168 0.032 0.274 0.414 0.386 0.568 0.488 0.518 0.442 0.316 0.086 0.536 0.354 0.238 0.314 0.482 0.382 0.128 0.246 0.03 0.544 0.458 0.482 0.43 0.43 0.472 0.514 0.318 0.2 0.504 0.586 0.482 0.258 0.296 0.254 0.196 0.048 0.248 0.548 0.266 0.17 0.076 0.34 0.524 0.458 0.568 0.418 0.356 0.046 0.17 0 0.448 0.186 0.01 0.224 0.33 0.134 0.214 0.354 0.568 0.208 0.18 0.468 0.182 0.042 0.17 0.268 0.58 0.284 0.596 0.372 0.436 0.042 0.248 0.194 0.152 0.508 0.538 0.216 0.054 0.386 0.536 0.132 0.204 0.076 0 0.038 0.436 0.38 0.568 0.278 0.312 
0.016 0.264 0.356 0.228 0.574 0.078 0.348 0.24 0.054 0.308 0.376 0.482 0.596 0.284 0.204 0.242 0.208 0.292 0.312 0.418 0.266 0.016 0.522 0.466 0.572 0.208 0.57 0.484 0.484 0.32 0.522 0.24 0.286 0.556 0.574 0.226 0.326 0.182 0.468 0.03 0.112 0.122 0.224 0.422 0.518 0.102 0.276 0.34 0.048 0.214 0.414 0.368 0.302 0.002 0.178 0.116 0.282 0.58 0.426 0.224 0.31 0.12 0.386 0.144 0.404 0.552 0.086 0.346 0.532 0.102 0.55 0.456 0.464 0.522 0.138 0.206 0.058 0.014 0.584 0.102 0.506 0.384 0.14 0.038 0.544 0.014 0.588 0.41 0.48 0.566 0.324 0.218 0.214 0.076 0.32 0.142 0.142 0.508 0.494 0.228 
0.246 0.458 0.378 0.332 0.374 0.112 0.464 0.54 0.478 0.532 0.244 0.166 0.12 0.306 0.21 0.182 0.118 0.372 0.374 0.258 0.084 0.234 0.29 0.112 0.376 0.504 0.308 0.332 0.266 0.32 0.438 0.262 0.276 0.534 0.552 0.196 0.028 0.24 0.306 0.014 0.538 0.432 0.244 0.084 0.414 0.326 0.32 0.094 0.586 0.26 0.234 0.486 0.352 0.228 0.252 0.034 0.268 0.44 0.142 0.184 0.528 0.508 0.532 0.586 0.128 0.15 0.2 0.424 0.2 0.102 0.552 0.158 0.286 0.354 0.378 0.122 0.57 0.344 0.068 0.288 0.322 0.126 0.208 0.092 0.376 0.416 0.314 0.46 0.046 0.328 0.348 0.292 0.074 0.362 0.236 0.422 0.184 0.382 0.464 0.246 
0.322 0.382 0.522 0.06 0.596 0.538 0.382 0 0.158 0.234 0.434 0.228 0.19 0.482 0.472 0.534 0.256 0.506 0.018 0.346 0.562 0.206 0.338 0.432 0.166 0.334 0.57 0.404 0.26 0.114 0.362 0.534 0.42 0.132 0.174 0.542 0.354 0.09 0.128 0.476 0.142 0.494 0.03 0.184 0.022 0.514 0.41 0.106 0.542 0.36 0.48 0.06 0.35 0.04 0.58 0.354 0.396 0.172 0.008 0.578 0.262 0.088 0.576 0.42 0.236 0.438 0.518 0.454 0.418 0.438 0.358 0.432 0 0.192 0.106 0.116 0.26 0.586 0.412 0.298 0.308 0.544 0.12 0.588 0.108 0.466 0.292 0.058 0.542 0.456 0.118 0.082 0.042 0.376 0.332 0.066 0.57 0.34 0.258 0.322 
0.12 0.216 0.564 0.524 0.212 0.556 0.558 0.194 0.174 0.476 0.138 0.366 0.28 0.59 0.132 0.066 0.018 0.514 0.434 0.068 0.506 0.27 0.516 0.386 0.286 0.186 0.532 0.302 0.28 0.588 0.074 0.148 0.224 0.194 0.502 0.59 0.434 0.184 0.584 0.274 0.46 0.026 0.192 0.22 0.578 0.456 0.218 0.572 0.488 0.48 0.164 0.138 0.24 0.186 0.584 0.524 0.228 0.454 0.214 0.588 0.01 0.026 0.222 0.026 0.186 0.328 0.206 0.39 0.124 0.562 0.492 0.418 0.296 0.336 0.448 0.022 0.308 0.07 0.454 0.466 0.08 0.124 0.254 0.554 0.234 0.48 0.484 0.2 0.4 0.516 0.352 0.308 0.27 0.46 0.262 0.59 0.474 0.046 0.444 0.454 
0.258 0.422 0.022 0.108 0.36 0.506 0.586 0.042 0.17 0.256 0.486 0.2 0.11 0.142 0.54 0.504 0.15 0.462 0.28 0.468 0.08 0.372 0.068 0.296 0.078 0.53 0.392 0.224 0.124 0.304 0.262 0.574 0.328 0.314 0.296 0.312 0.14 0.1 0.364 0.202 0.186 0.198 0.464 0.288 0.462 0.15 0.208 0.3 0.052 0.532 0.076 0.002 0.246 0.086 0.282 0.16 0.39 0.236 0.118 0.326 0.056 0.058 0.376 0.108 0.426 0.158 0.538 0.132 0.358 0.554 0.474 0.204 0.03 0.384 0.446 0.344 0.096 0.046 0.106 0.096 0.19 0.594 0.016 0.216 0.022 0.386 0.33 0.162 0.404 0.42 0.456 0.512 0.21 0.53 0.046 0.138 0.03 0.306 0.01 0.568 
0.156 0.09 0.48 0.466 0.17 0.4 0.336 0.588 0.266 0.17 0.096 0.562 0.064 0.112 0.42 0.144 0.564 0.402 0.012 0.27 0.32 0.142 0.254 0.474 0.486 0.336 0.066 0.19 0.142 0.206 0.284 0.022 0.158 0.268 0.224 0.586 0.46 0.122 0.268 0.116 0.052 0.412 0.182 0.086 0.376 0.454 0.038 0.168 0.248 0.386 0.27 0.048 0.388 0.564 0.334 0.454 0.21 0.092 0.572 0.178 0.28 0.474 0.1 0.318 0.556 0.312 0.554 0.006 0.284 0 0.422 0.25 0.286 0.59 0.032 0.43 0.008 0.012 0.336 0.282 0.07 0.196 0.25 0.226 0.246 0.224 0.036 0.314 0.192 0.478 0.172 0.588 0.092 0.086 0.044 0.022 0.16 0.11 0.516 0.294 
0.14 0.18 0.546 0.254 0.226 0.308 0.192 0.344 0.3 0.282 0.282 0.492 0.25 0.026 0.048 0.458 0.59 0.406 0.588 0.386 0.534 0.574 0.28 0.358 0.282 0.25 0.468 0.12 0.4 0.214 0.442 0.184 0.186 0.034 0.434 0.006 0.086 0.386 0.278 0.422 0.45 0.056 0.356 0.496 0.3 0.184 0.088 0.308 0.446 0.106 0.072 0.094 0.092 0.452 0.322 0.008 0.076 0.342 0.372 0.41 0.398 0.312 0.056 0.134 0.302 0.438 0.382 0.332 0.034 0.092 0.586 0.374 0.442 0.224 0.534 0.198 0.088 0.394 0.002 0.056 0.084 0.408 0.536 0.136 0.482 0.192 0.324 0.44 0.488 0.036 0.05 0.438 0.368 0.348 0.368 0.518 0.498 0.428 0.59 0.406 
0.464 0.102 0.074 0.228 0.526 0.302 0.038 0.58 0.234 0.166 0.236 0.368 0.504 0.572 0.138 0.296 0.274 0.594 0.248 0.136 0.454 0.496 0.386 0.364 0.342 0.138 0.586 0.354 0.228 0.408 0.368 0.486 0.19 0.222 0.186 0.184 0.396 0.38 0.398 0.38 0.186 0.548 0.098 0.548 0.028 0.146 0.138 0.236 0.33 0.066 0.476 0.222 0.104 0.326 0.416 0.498 0.576 0.49 0.462 0.24 0.412 0.142 0.136 0.242 0.516 0.514 0.094 0.364 0.476 0.244 0.046 0.012 0.212 0.578 0.112 0.09 0.102 0.046 0.436 0.1 0.594 0.272 0.182 0.412 0.02 0.026 0.502 0.16 0.488 0.286 0.482 0.29 0.356 0.298 0.21 0.428 0.57 0.454 0.448 0.208 
0.312 0.434 0.454 0.51 0.404 0.372 0.536 0.596 0.558 0.222 0.378 0.516 0.58 0.35 0.42 0.064 0.178 0.592 0.5 0.024 0.044 0.458 0.344 0.072 0.554 0.306 0.352 0.34 0.17 0.504 0.502 0.194 0.502 0.402 0.27 0.386 0.144 0.432 0.232 0.256 0.022 0.05 0.276 0.592 0.078 0.288 0.312 0.452 0.004 0.116 0.576 0.042 0.172 0.016 0.154 0.056 0.158 0.494 0.498 0.16 0.09 0.456 0.524 0.452 0.438 0.354 0.582 0.294 0.57 0.262 0.412 0.568 0.108 0.538 0.018 0.112 0.442 0.09 0.53 0.232 0.52 0.594 0.07 0.18 0.554 0.298 0.01 0.172 0.576 0.15 0.486 0.554 0.46 0.574 0.31 0.564 0.106 0 0.308 0.578 
0.176 0.03 0.016 0.22 0.08 0.398 0.594 0.214 0.108 0.008 0.274 0.57 0.398 0.384 0.426 0.424 0.164 0.166 0.102 0.458 0.074 0.466 0.2 0.128 0.566 0.314 0.536 0.42 0.136 0.416 0.482 0.264 0.274 0.568 0.198 0.002 0.338 0.166 0.312 0.384 0.28 0.174 0.024 0.02 0.24 0.27 0.326 0.23 0.194 0.154 0.148 0.468 0.506 0.066 0.156 0.372 0.248 0.068 0.15 0.098 0.224 0.568 0.048 0.384 0.408 0.044 0.31 0.026 0.324 0.346 0.568 0.32 0.444 0.506 0.394 0.244 0.5 0.074 0.234 0.212 0.262 0.594 0.41 0.272 0.314 0.598 0.18 0.196 0.17 0.294 0.368 0.584 0.25 0.592 0.31 0.456 0.076 0.484 0.056 0.19 
0.284 0.074 0.212 0.334 0.506 0.386 0.01 0.292 0.018 0.248 0.108 0.13 0.478 0.212 0.418 0.384 0.598 0.35 0.272 0.522 0.294 0.036 0.226 0.054 0.224 0.592 0.018 0.482 0.06 0.18 0.068 0.23 0.572 0.446 0.532 0.288 0.072 0.274 0.032 0.386 0.298 0.142 0.088 0.554 0.17 0.2 0.38 0.17 0.25 0.036 0.336 0.212 0.258 0.016 0.282 0.45 0.472 0.56 0.232 0.34 0.168 0.494 0.456 0.072 0.408 0.4 0.046 0.528 0.422 0.28 0.5 0.208 0.166 0.332 0.482 0.54 0.09 0.012 0.176 0.312 0.414 0.332 0.314 0.356 0.198 0.148 0.11 0.582 0.58 0.264 0.516 0.392 0.434 0.18 0.134 0.414 0.268 0.092 0.124 0.404 
0.278 0.252 0.39 0.012 0.428 0.3 0.172 0.358 0.152 0.044 0.558 0.402 0.424 0.552 0.328 0.314 0.34 0.076 0.024 0.488 0.122 0.56 0.4 0.086 0.512 0.122 0.494 0.478 0.016 0.58 0.104 0.158 0.436 0.238 0.014 0.168 0.494 0.554 0.15 0.026 0.218 0.342 0.284 0.278 0.072 0.442 0.402 0.468 0.258 0.116 0.472 0.538 0.194 0.008 0.596 0.004 0.01 0.076 0.064 0.53 0.432 0.162 0.558 0.046 0.454 0.542 0.226 0.364 0.28 0.432 0.576 0.038 0.378 0.226 0.518 0.302 0.342 0.366 0.328 0.076 0.024 0.368 0.318 0.202 0.548 0.466 0.518 0.228 0.098 0.59 0.044 0.482 0.032 0.154 0.304 0.53 0.182 0.276 0.22 0.534 
0.11 0.574 0.448 0.444 0.478 0.282 0.096 0.208 0.468 0.336 0.482 0.344 0.536 0.348 0.552 0.074 0.466 0.482 0.09 0.036 0.23 0.348 0.104 0.492 0.512 0.048 0.132 0.562 0.088 0.28 0.468 0.592 0.352 0.254 0.01 0.436 0.182 0.282 0.53 0.582 0.542 0.518 0 0.234 0.432 0.286 0.448 0.528 0.01 0.514 0.004 0.332 0.55 0.492 0.464 0.178 0.092 0.09 0.006 0.504 0.202 0.452 0.106 0.368 0.298 0.1 0.41 0.092 0.25 0.34 0.472 0.59 0.386 0.446 0.264 0.112 0.592 0.42 0.152 0.584 0.3 0.58 0.59 0.104 0.5 0.43 0.272 0.522 0.32 0.168 0.058 0.268 0.1 0.364 0.012 0.272 0.168 0.58 0.034 0.164 
0.332 0.032 0.176 0.25 0.402 0.42 0.3 0.364 0.242 0.186 0.076 0.508 0.186 0.39 0.36 0.476 0.534 0.04 0.29 0.166 0.33 0.192 0.466 0.38 0.264 0.178 0.278 0.166 0.034 0.458 0.306 0.358 0.026 0.2 0.304 0.29 0.122 0.102 0.236 0.326 0.026 0.414 0.308 0.552 0.034 0.222 0.458 0.328 0.132 0.062 0.484 0.396 0.044 0.51 0.574 0.514 0.116 0.528 0.524 0.22 0.092 0.33 0.56 0.53 0.492 0.08 0.594 0.484 0.128 0.188 0.568 0.14 0.03 0.2 0.012 0.012 0.204 0.192 0.266 0.222 0.334 0.23 0.09 0.35 0.108 0.096 0.038 0.358 0.176 0.442 0.184 0.194 0.594 0.018 0.504 0.142 0.116 0.044 0.318 0.394 
0.398 0.198 0.44 0.24 0.472 0.368 0.224 0.23 0.506 0.57 0.082 0.598 0.334 0.016 0.488 0.338 0.562 0.158 0.216 0.214 0.318 0.412 0.298 0.15 0.252 0.048 0.014 0.148 0.368 0.056 0.492 0.29 0.162 0.028 0.098 0.336 0.276 0.414 0.186 0.208 0.41 0.394 0.434 0.11 0.282 0.486 0.066 0.594 0.158 0.072 0.11 0.266 0.308 0.06 0.104 0.208 0.358 0.376 0.54 0.508 0.544 0.152 0.002 0.23 0.172 0.062 0.16 0.35 0.52 0.228 0.476 0.314 0.58 0.476 0.362 0.294 0.284 0.036 0.34 0.262 0.122 0.438 0.562 0.58 0.466 0.544 0.126 0.004 0.404 0.456 0.242 0.596 0.494 0.29 0.412 0.244 0.572 0.188 0.354 0.488 
0.166 0.494 0.08 0.37 0.528 0.446 0.474 0.306 0.336 0.46 0.51 0.532 0.116 0.024 0.512 0.036 0.002 0.284 0.552 0.012 0.004 0.368 0.046 0.54 0.424 0.3 0.55 0.422 0.3 0.59 0.176 0.24 0.002 0.166 0.396 0.584 0.496 0.368 0.49 0.374 0.124 0.286 0.516 0.118 0.342 0.432 0.144 0.064 0.282 0.566 0.376 0.23 0.352 0.432 0.596 0.078 0.166 0.41 0.394 0.092 0.138 0.55 0.034 0.174 0.04 0.06 0.084 0.27 0.578 0.546 0.36 0.146 0.554 0.372 0.562 0.57 0.444 0.09 0.558 0.37 0.226 0.07 0.47 0.566 0.172 0.392 0.496 0.57 0.104 0.442 0.52 0.164 0.072 0.376 0.238 0.272 0.184 0.13 0.156 0.596 
0.592 0.572 0.022 0.352 0.094 0.242 0.204 0.09 0.204 0.128 0.078 0.344 0.314 0.54 0.04 0.308 0.318 0.56 0.196 0.582 0.52 0.42 0.382 0.134 0.266 0.35 0.272 0.398 0.15 0.58 0.552 0.112 0.344 0.006 0.572 0.534 0.43 0.284 0.19 0.532 0.312 0.172 0.074 0.596 0.052 0.128 0.37 0.33 0.016 0.48 0.32 0.228 0.308 0.024 0.504 0.076 0.012 0.45 0.06 0.298 0.158 0.158 0.426 0.076 0.234 0.042 0.09 0.582 0.338 0.478 0.016 0.13 0.124 0.546 0.562 0.14 0.094 0.106 0.416 0.416 0.43 0.458 0.332 0.178 0.526 0.142 0.282 0.118 0.062 0.344 0.228 0.332 0.376 0.34 0.536 0.598 0.11 0.5 0.488 0.072 
0.156 0.412 0.054 0.226 0.046 0.542 0.454 0.546 0.122 0.146 0.068 0.404 0.174 0.434 0.526 0.306 0.052 0.39 0.59 0.226 0.012 0.14 0.318 0.41 0.592 0.466 0.446 0.104 0.358 0.438 0.252 0.586 0.17 0.33 0.342 0.288 0.014 0.342 0.174 0.398 0.038 0.392 0.03 0.304 0.584 0.106 0.314 0.58 0.118 0.314 0.172 0.018 0.33 0.372 0.438 0.518 0.226 0.07 0.256 0.402 0.536 0.138 0.312 0.262 0.156 0.548 0.59 0.486 0.148 0.232 0.048 0.422 0.57 0.044 0.542 0.314 0.59 0.148 0.476 0.166 0.516 0.39 0.444 0.366 0.462 0.206 0.264 0 0.58 0.36 0.016 0.41 0.004 0.116 0.436 0.114 0.522 0.24 0.456 0.512 
0.426 0.064 0.584 0.164 0.134 0.44 0.316 0.148 0.174 0.188 0.366 0.128 0.528 0.428 0.092 0.18 0.45 0.31 0.526 0.534 0.184 0.262 0.238 0.36 0.436 0.456 0.296 0.44 0.158 0.582 0.332 0.574 0.216 0.252 0.25 0.518 0.236 0.44 0.27 0.228 0.512 0.294 0.112 0.268 0.12 0.302 0.016 0.556 0.188 0.578 0.248 0.352 0.188 0.38 0.178 0.544 0.438 0.002 0.204 0.488 0.246 0.278 0.418 0.254 0.074 0.172 0.232 0.054 0.338 0.446 0.398 0.028 0.43 0.088 0.072 0.538 0.356 0.352 0.316 0.304 0.492 0.274 0.43 0.376 0.032 0.176 0.564 0.348 0.466 0.03 0.512 0.312 0.124 0.032 0.448 0.258 0.284 0.368 0.144 0.298 
0.592 0.052 0.364 0.004 0.35 0.032 0.13 0.304 0.318 0.31 0.034 0.088 0.508 0.486 0.448 0.398 0.444 0.242 0.266 0.426 0.234 0.386 0.546 0.12 0.55 0.148 0.57 0.202 0.244 0.016 0.19 0.452 0.04 0.382 0.376 0.258 0.144 0.154 0.586 0.016 0.508 0.044 0.552 0.274 0.432 0.006 0.18 0.224 0.578 0.306 0.558 0.198 0.044 0.204 0.004 0.138 0.108 0.258 0.268 0.276 0.548 0.252 0.526 0.468 0.344 0.096 0.506 0.406 0.414 0.036 0.066 0.274 0.59 0.558 0.122 0.088 0.518 0.322 0.014 0.552 0.544 0.49 0.584 0.344 0.056 0.392 0.422 0.47 0.47 0.058 0.232 0.264 0.112 0.516 0.098 0.04 0.392 0.448 0.44 0.452 
0.412 0.566 0.29 0.548 0.182 0.376 0.476 0.528 0.208 0.354 0.506 0.484 0.408 0.046 0.304 0.05 0.422 0.484 0.048 0.498 0.07 0.18 0.492 0.256 0.31 0.408 0.482 0.218 0.362 0.358 0.004 0.366 0.184 0.064 0.424 0.598 0.322 0.494 0.41 0.58 0.338 0.518 0.456 0.478 0.456 0.56 0.142 0.356 0.28 0.312 0.496 0.088 0.29 0.45 0.02 0.396 0.232 0.56 0.43 0.128 0.052 0.144 0.358 0.186 0.164 0.01 0.472 0.066 0.01 0.574 0.264 0.076 0.53 0.328 0.236 0.598 0.464 0.216 0.192 0.476 0.556 0.276 0.29 0.318 0.338 0.288 0.124 0.338 0.498 0.236 0.534 0.116 0.086 0.522 0.206 0.38 0.572 0.052 0.006 0.408 
0 0.536 0.246 0.294 0.592 0.132 0.06 0.13 0.104 0.4 0.034 0.146 0.372 0.336 0.194 0.158 0.248 0.056 0.32 0.316 0.05 0.334 0.224 0.268 0.304 0.138 0.324 0.14 0.222 0.27 0.58 0.422 0.528 0.5 0.32 0.09 0.134 0.308 0.374 0.234 0.53 0.484 0.576 0.146 0.23 0.558 0.474 0.176 0.138 0.372 0.06 0.018 0.28 0.242 0.038 0.362 0.252 0.24 0.422 0.108 0.186 0.168 0.514 0.398 0.072 0.458 0.5 0.314 0.01 0.33 0.468 0.098 0.388 0.184 0.14 0.238 0.434 0.426 0.506 0.434 0.354 0.52 0.41 0.306 0.582 0.524 0.552 0.108 0.544 0.068 0.432 0.3 0.386 0.09 0.104 0.094 0.242 0.522 0.088 0.318 
0.332 0.37 0.078 0.036 0.214 0.336 0.508 0.5 0.464 0.598 0.44 0.47 0.396 0.184 0.032 0.164 0.258 0.232 0.118 0.516 0.166 0.398 0.47 0.514 0.54 0.542 0.284 0.16 0.154 0.212 0.19 0.572 0.006 0.304 0.236 0.47 0.17 0.456 0.356 0.32 0.202 0.498 0.528 0.57 0.052 0.114 0.074 0.082 0.076 0.386 0.592 0.266 0.586 0.136 0.546 0.47 0.418 0.192 0.562 0.522 0.478 0.368 0.246 0.598 0.462 0.298 0.484 0.412 0.5 0.174 0.48 0.538 0.446 0.176 0.534 0.166 0.2 0.116 0.012 0.276 0.526 0.44 0.132 0.316 0.37 0.046 0.258 0.196 0.512 0.14 0.15 0.392 0.366 0.176 0.238 0.492 0.18 0.35 0.138 0.038 
0.482 0.194 0.29 0.308 0.516 0.516 0.188 0.182 0.282 0.474 0.2 0.064 0.15 0.472 0.076 0.116 0.56 0.17 0.026 0.368 0.306 0.054 0.57 0.052 0.34 0.272 0.562 0.54 0.498 0.296 0.154 0.198 0.07 0.546 0.474 0.502 0.462 0.034 0.266 0.542 0.152 0.058 0.062 0.488 0.484 0.534 0 0.056 0.032 0.068 0.398 0.114 0.28 0.562 0.246 0.082 0.462 0.298 0.078 0.598 0.15 0.398 0.526 0.09 0.052 0.402 0.248 0.166 0.378 0.07 0.248 0.59 0.49 0.34 0.166 0.434 0.384 0.504 0.448 0.546 0.28 0.51 0.536 0.34 0.086 0.26 0.312 0.53 0.228 0.56 0.516 0.116 0.048 0.016 0.222 0.134 0.234 0.056 0.38 0.398 
0.16 0.14 0.58 0.424 0.4 0.128 0.15 0.568 0.364 0.422 0.012 0.536 0.488 0.252 0.472 0.532 0.384 0.176 0.476 0.53 0.424 0.494 0.492 0.318 0.304 0.142 0.512 0.02 0.514 0.332 0.3 0.14 0.49 0.05 0.496 0.348 0.548 0.286 0.258 0.272 0.326 0.432 0.516 0.468 0.202 0.522 0.51 0.43 0.348 0.564 0.478 0.164 0.448 0.4 0.15 0.274 0.152 0.4 0.448 0.528 0.274 0.59 0.45 0.058 0.102 0.176 0.388 0.488 0.212 0.35 0.342 0.38 0.168 0.238 0.358 0.39 0.116 0.014 0.49 0.148 0.076 0.312 0.24 0.264 0.332 0.444 0.314 0.506 0.342 0.11 0.178 0.05 0.458 0.256 0.478 0.054 0.588 0.18 0.496 0.308 
0.234 0.384 0.26 0.036 0.296 0.112 0.38 0.364 0.086 0.078 0.002 0.386 0.254 0.538 0.186 0.066 0.062 0.584 0.47 0.252 0.284 0.36 0.032 0.322 0.434 0.014 0.44 0.09 0.532 0.242 0.364 0.164 0.012 0.382 0.14 0.43 0.59 0.486 0.126 0.142 0.384 0.47 0.034 0.424 0.362 0.534 0.042 0.304 0.444 0.056 0.46 0.258 0.248 0.598 0.106 0.502 0.588 0.482 0.528 0.566 0.04 0.288 0.176 0.554 0.426 0.204 0.516 0.004 0.106 0.098 0.516 0.15 0.58 0.076 0.446 0.39 0.202 0.21 0.316 0.246 0.574 0.282 0.452 0.26 0.418 0.24 0.07 0.286 0.462 0.348 0.004 0 0.542 0.35 0.018 0.26 0.588 0.244 0.072 0.58 
0.43 0.104 0.108 0.364 0.466 0.576 0.31 0.52 0.49 0.046 0.484 0.518 0.374 0.486 0.094 0.568 0.178 0.336 0.376 0.396 0.56 0.358 0.014 0.026 0.52 0.294 0.292 0.142 0.164 0.088 0.484 0.496 0.272 0.106 0.098 0.176 0.246 0.25 0.502 0.38 0.278 0.492 0.124 0.15 0.448 0.556 0.37 0.406 0.162 0.154 0.5 0.096 0.14 0.388 0.232 0.258 0.052 0.276 0.43 0.344 0.104 0.524 0.242 0.134 0.056 0.33 0.458 0.518 0.164 0.578 0.172 0.238 0.27 0.08 0.132 0.264 0.57 0.444 0.406 0.122 0.392 0.082 0.1 0.464 0.344 0.522 0.54 0.426 0.33 0.29 0.04 0.02 0.056 0.34 0.042 0.592 0.008 0.228 0.198 0.22 
0.138 0.104 0.27 0.342 0.288 0.26 0.164 0.522 0.59 0.302 0.532 0.166 0.42 0.116 0.344 0.39 0.412 0.028 0.504 0.368 0.41 0.024 0.242 0.082 0.55 0.18 0.25 0.022 0.534 0.564 0.166 0.574 0.586 0.3 0.358 0.536 0.148 0.568 0.458 0.47 0.32 0.21 0.422 0.184 0.448 0.5 0.232 0.52 0.002 0.318 0.418 0.446 0.134 0.2 0.45 0.312 0.48 0.296 0.31 0.014 0.098 0.182 0.32 0.164 0.072 0.438 0.54 0.358 0.45 0.238 0.018 0.402 0.062 0.448 0.014 0.25 0.202 0.566 0.138 0.376 0.328 0.326 0.248 0.068 0.34 0.302 0.394 0.048 0.222 0.534 0.53 0.28 0.158 0.11 0.256 0.322 0.064 0.454 0.32 0.478 
0.532 0.074 0.496 0.496 0.208 0.296 0.13 0.042 0.466 0.55 0.482 0.228 0.294 0.524 0.508 0.552 0.308 0.116 0.442 0.168 0.376 0.532 0.432 0.512 0.36 0.058 0.474 0.258 0.178 0.486 0.208 0.002 0.568 0.04 0.374 0.072 0.504 0.164 0.056 0.132 0.544 0.186 0.516 0.558 0.366 0.574 0.046 0.194 0.592 0.188 0.402 0.506 0.24 0.406 0.544 0.04 0.264 0.306 0.048 0.466 0.114 0.13 0.064 0.56 0.534 0.332 0.38 0.536 0.452 0.056 0.358 0.088 0.006 0.298 0.466 0.006 0.22 0.48 0.054 0.02 0.454 0.564 0.586 0.174 0.126 0.522 0.33 0.198 0.102 0.036 0.162 0.516 0.406 0.116 0.476 0.556 0.128 0.114 0.544 0.042 
0.244 0.512 0.134 0.52 0.596 0.286 0.268 0.282 0.038 0.304 0.524 0.022 0.022 0.386 0.01 0.562 0.102 0.52 0.396 0.542 0.484 0.588 0.568 0.47 0 0.31 0.51 0.446 0.1 0.176 0.478 0.22 0.434 0.464 0.496 0.02 0.39 0.038 0.496 0.578 0.542 0.502 0.19 0.246 0.074 0.298 0.4 0.214 0.468 0.568 0.154 0.224 0.482 0.208 0.592 0.124 0.474 0.502 0.102 0.064 0.13 0.076 0.29 0.456 0.188 0.252 0.156 0.29 0.056 0.01 0.298 0.514 0.424 0.202 0.598 0.254 0.584 0.306 0.39 0.284 0.134 0.298 0.152 0.31 0.084 0.496 0.206 0.03 0.494 0.546 0.33 0.498 0.274 0.138 0.462 0.34 0.506 0.136 0.304 0.556 
0.112 0.162 0.19 0.372 0.258 0.262 0.156 0.318 0.104 0.578 0.316 0.276 0.308 0.144 0.016 0.312 0.342 0.294 0.206 0.022 0.148 0.038 0.014 0.41 0.198 0.376 0.122 0.49 0.27 0.584 0.064 0.152 0.334 0.206 0.134 0.598 0.108 0.534 0.024 0.028 0.258 0.186 0.554 0.308 0.024 0.462 0.378 0.452 0.494 0.398 0.178 0.548 0.072 0.024 0.174 0.514 0.406 0.582 0.564 0.258 0.054 0.322 0.104 0.192 0.492 0.366 0.594 0.308 0.264 0.204 0.49 0.152 0.048 0.162 0.59 0.246 0.064 0.286 0.204 0.138 0.564 0.378 0.074 0.598 0.07 0.358 0.308 0.104 0.598 0.3 0.264 0.29 0.386 0.542 0.498 0.18 0.208 0.154 0.41 0.438 
0.5 0.456 0.256 0.044 0.536 0.17 0.148 0.568 0.102 0.568 0.074 0.23 0.378 0.562 0.348 0.518 0.3 0.092 0.32 0.254 0.066 0.242 0.322 0.436 0.492 0.1 0.526 0.522 0.492 0.116 0.588 0.142 0.49 0.004 0.292 0.04 0.108 0.306 0.32 0.572 0.438 0.47 0.232 0.026 0.27 0.184 0.436 0.53 0.14 0.272 0.25 0.292 0.488 0.024 0.164 0.23 0.01 0.452 0.202 0.346 0.212 0.16 0.186 0.58 0.182 0.428 0.446 0.314 0 0.498 0.444 0.17 0.324 0.004 0.136 0.148 0.104 0.296 0.27 0.276 0.524 0.074 0.544 0.584 0.4 0.486 0.238 0.562 0.14 0.582 0.09 0.368 0.228 0.17 0.158 0.198 0.164 0.572 0.238 0.5 
0.386 0.37 0.032 0.216 0.376 0.398 0.25 0.392 0.338 0.262 0.428 0.204 0.54 0.074 0.396 0.354 0.596 0.502 0.376 0.126 0.506 0.41 0.282 0.534 0.324 0.51 0.562 0.19 0.236 0.344 0.388 0.34 0.276 0.442 0.49 0.246 0.286 0.13 0.436 0.07 0.274 0.198 0.598 0.584 0.508 0.448 0.062 0.332 0.058 0.244 0.312 0.036 0.55 0.384 0.22 0.122 0.464 0.456 0.444 0.098 0.554 0.052 0.496 0.156 0.154 0.276 0.35 0.088 0.25 0.278 0.042 0.08 0.08 0.332 0.562 0.096 0.294 0.102 0.014 0.102 0.22 0.514 0.154 0.218 0.206 0.552 0.08 0.446 0.148 0.308 0.138 0.412 0.17 0.198 0.296 0.46 0.546 0.516 0.032 0.368 
0.546 0.462 0.208 0.366 0.382 0.444 0.42 0.574 0.528 0.536 0.588 0.558 0.046 0.418 0.314 0.482 0.37 0.154 0.446 0.544 0.256 0.07 0.098 0.434 0.018 0.286 0.534 0.13 0.58 0.582 0.138 0.076 0.208 0.552 0.224 0.382 0.186 0.018 0.44 0.594 0.324 0.456 0.4 0.118 0.084 0.28 0.378 0.188 0.284 0.24 0.372 0.292 0.128 0.172 0.142 0.086 0.332 0.348 0.29 0.176 0.498 0.454 0.108 0.008 0.562 0.292 0.114 0.57 0.428 0.3 0.064 0.546 0.486 0.024 0.464 0.366 0.078 0.536 0.378 0.566 0.418 0.174 0.39 0.09 0.224 0.278 0.07 0.096 0.558 0.014 0.06 0.108 0.202 0.28 0.486 0.436 0.024 0.554 0.446 0.144 
0.566 0.57 0.572 0.24 0.114 0.004 0.078 0.212 0.552 0.248 0.304 0.274 0.27 0.398 0.232 0.18 0.334 0.212 0.242 0.55 0.04 0.184 0.53 0.094 0.516 0.168 0.462 0.258 0.564 0.01 0.124 0.178 0.046 0.54 0.284 0.564 0.192 0.36 0.338 0.344 0.23 0.302 0.272 0.11 0.348 0.354 0.508 0.258 0.164 0.502 0.538 0.274 0.202 0.152 0.208 0.146 0.322 0.394 0.39 0.05 0.17 0.124 0.258 0.52 0.436 0.546 0.558 0.018 0.124 0.048 0.348 0.364 0.55 0.03 0.486 0.292 0.464 0.336 0.568 0.322 0.144 0.172 0.332 0.178 0.102 0.208 0.266 0.188 0.152 0.596 0.008 0.266 0.336 0.568 0.434 0.528 0.432 0.428 0.532 0.592 
0.146 0.496 0.22 0.392 0.082 0.582 0.132 0.178 0.24 0.51 0.096 0.102 0.562 0.342 0.05 0.456 0.546 0.508 0.218 0.26 0.076 0.382 0.478 0.506 0.096 0.534 0.508 0.354 0.58 0.594 0.312 0.546 0.578 0.324 0.472 0.058 0.576 0.078 0.37 0.482 0.534 0.24 0.32 0.094 0.362 0.164 0.212 0.578 0.168 0.406 0.12 0.324 0.064 0.584 0.286 0.526 0.246 0.422 0.28 0.184 0.486 0.14 0.038 0.098 0.024 0.352 0.29 0.172 0.312 0.206 0.328 0.596 0.216 0.556 0.076 0.246 0.01 0.422 0.586 0.034 0.086 0.054 0.028 0.18 0.032 0.202 0.078 0.088 0.272 0.424 0.148 0.066 0.08 0.202 0.166 0.27 0.456 0.066 0.274 0.068 
0.154 0.142 0.044 0.526 0.318 0.48 0.536 0.164 0.096 0.532 0.38 0.454 0.116 0.542 0.212 0.01 0.402 0.468 0.54 0.51 0.214 0.198 0.46 0.35 0.206 0.278 0.188 0.576 0.328 0.546 0.096 0.316 0.36 0.174 0.528 0.026 0.026 0.304 0.34 0.156 0.332 0.208 0.232 0.298 0.354 0.074 0.074 0.518 0.064 0.51 0.41 0.252 0.474 0.332 0.028 0.11 0.18 0.292 0.364 0.27 0.586 0.072 0.492 0.476 0.112 0.206 0.428 0.198 0.082 0.05 0.148 0.048 0.288 0.326 0.498 0.352 0.194 0.468 0.294 0.452 0.486 0.488 0.184 0.522 0.338 0.15 0.478 0.192 0.562 0.142 0.536 0.426 0.132 0.26 0.012 0.218 0.58 0.518 0.368 0.092 
0.118 0.406 0.012 0.182 0.586 0.592 0.366 0.5 0.314 0.47 0.024 0.134 0.138 0.53 0.206 0.146 0.382 0.232 0.298 0.03 0.236 0.486 0.176 0.194 0.222 0.582 0.348 0.526 0.25 0.214 0.14 0.242 0.454 0.516 0.072 0.55 0.042 0.352 0.598 0.038 0.282 0.222 0.024 0.418 0.47 0.326 0.26 0.228 0.072 0.166 0.264 0.176 0.078 0.01 0.54 0.08 0.536 0.382 0.456 0.37 0.274 0.44 0.448 0.194 0.108 0.406 0.188 0.524 0.33 0.308 0 0.404 0.028 0.258 0.588 0.052 0.126 0.456 0.496 0.358 0.102 0.198 0.006 0.284 0.16 0.232 0.58 0.196 0.516 0.46 0.306 0.302 0.324 0.288 0.098 0.57 0.31 0.544 0.578 0.316 
0.304 0.258 0.48 0.52 0.492 0.254 0.488 0.244 0.272 0.546 0.508 0.066 0.112 0.502 0.382 0.068 0.462 0.244 0.158 0.204 0.152 0.56 0.138 0.576 0.258 0.57 0.204 0.02 0.254 0.348 0.12 0.198 0.284 0.11 0.186 0.33 0.256 0.544 0.368 0.052 0.596 0.246 0.202 0.174 0.376 0.394 0.504 0.55 0.5 0.356 0.11 0.386 0.26 0.412 0.462 0.578 0.33 0.042 0.254 0.128 0.28 0.226 0.178 0.42 0.176 0.526 0.04 0.176 0.242 0.328 0.006 0.308 0.044 0.232 0.308 0.572 0.05 0.448 0.436 0.004 0.24 0.518 0.376 0.164 0.082 0.348 0.4 0.132 0.244 0.108 0.104 0.5 0.032 0.052 0.172 0.004 0.474 0.202 0.402 0.498 
0.134 0.204 0.13 0.562 0.086 0.42 0.216 0.178 0.516 0.568 0.242 0.412 0.572 0.574 0.342 0.18 0.144 0.036 0.546 0.506 0.162 0.524 0.192 0.026 0.302 0.03 0.208 0.57 0.466 0.528 0.008 0.474 0.106 0.568 0.266 0.344 0.442 0.088 0.14 0.114 0.176 0.258 0.394 0.08 0.246 0.002 0.086 0.352 0.462 0.4 0.096 0.226 0.506 0.422 0.186 0.064 0.302 0.028 0.198 0.432 0.224 0.468 0.498 0.304 0.424 0.482 0.218 0.3 0.36 0.338 0.47 0.124 0.53 0.422 0.434 0.422 0.326 0.242 0.412 0.29 0.486 0.5 0.186 0.128 0.084 0.288 0.466 0.272 0.404 0.05 0.518 0.506 0.414 0.012 0.086 0.258 0.102 0.14 0.19 0.456 
0.282 0.118 0.44 0.43 0.488 0.556 0.316 0.568 0.476 0.166 0.276 0.274 0.27 0.46 0.564 0.43 0.56 0.442 0.45 0.104 0.408 0.092 0.424 0.208 0.49 0.05 0.088 0.298 0.588 0.258 0.064 0.018 0.232 0.058 0.522 0.266 0.06 0.492 0.264 0.166 0.546 0.278 0.56 0.27 0.174 0.34 0.178 0.258 0.32 0.242 0.194 0.178 0.526 0.288 0.042 0.21 0.23 0.426 0.268 0.398 0.474 0.23 0.128 0.516 0.222 0.566 0.492 0.486 0.074 0.262 0.31 0.502 0.102 0.18 0.304 0.59 0.24 0.122 0.52 0.134 0.546 0.468 0.066 0.582 0.002 0.156 0.374 0.558 0 0.03 0.218 0.144 0.322 0.304 0.34 0.046 0.128 0.274 0.3 0.22 
0.582 0.156 0.486 0.522 0.042 0.036 0.196 0.366 0.266 0.59 0.018 0.144 0.536 0.006 0.528 0.49 0.098 0.1 0.292 0.484 0.488 0.31 0.118 0.336 0.37 0.002 0.336 0.494 0.412 0.374 0.27 0.218 0.328 0.466 0.302 0.48 0.05 0.448 0.092 0.4 0.276 0.462 0.242 0.434 0.448 0.168 0.23 0.488 0.504 0.038 0.14 0.534 0.438 0.148 0.374 0.26 0.29 0.432 0.288 0.398 0.524 0.17 0.43 0.242 0.404 0.082 0.008 0.146 0.466 0.104 0.022 0.458 0.248 0.518 0.166 0.33 0.49 0.3 0.452 0.382 0.394 0.226 0.342 0.572 0.524 0.38 0.368 0.012 0.036 0.044 0.238 0.532 0.036 0.382 0.118 0.532 0.006 0.358 0.396 0.134 
0.09 0.006 0.06 0.04 0.05 0.068 0.242 0.066 0.07 0.174 0.386 0.054 0.096 0.248 0.584 0.436 0.4 0.288 0.262 0.172 0.19 0.216 0.306 0.394 0.184 0.442 0.238 0.414 0.542 0.444 0.322 0.382 0.304 0.302 0.046 0.33 0.112 0.56 0.122 0.53 0.446 0 0.056 0.27 0.106 0.024 0.364 0.352 0.314 0.378 0.584 0.398 0.552 0.122 0.284 0.462 0.12 0 0.476 0.16 0.04 0.29 0.058 0.336 0.082 0.324 0.268 0.266 0.34 0.564 0.2 0.32 0.328 0.282 0.398 0.072 0.33 0.466 0.458 0.054 0.508 0.056 0.238 0.568 0.22 0.336 0.234 0.594 0.05 0.412 0.02 0.526 0.496 0.38 0.338 0.488 0.198 0.486 0.51 0.328 
0.274 0.316 0.212 0.222 0.028 0.294 0.586 0.258 0.374 0.56 0.17 0.128 0.068 0.552 0.43 0.236 0.368 0.494 0.496 0.294 0.31 0.064 0.162 0.474 0.254 0.192 0.318 0.448 0.398 0.106 0.402 0.082 0.408 0.258 0.03 0.53 0.1 0.064 0.166 0.038 0.592 0.278 0.356 0.476 0.282 0.206 0.012 0.24 0.54 0.098 0.01 0.048 0.356 0.174 0.168 0.058 0.278 0.196 0.346 0.276 0.43 0.004 0.082 0.37 0.126 0.022 0.532 0.454 0.566 0.06 0.33 0.164 0.164 0.262 0.07 0.38 0.224 0.512 0.404 0.496 0.426 0.052 0.394 0.128 0.43 0.586 0.214 0.074 0.236 0.276 0.448 0.14 0.166 0.09 0.056 0.518 0.566 0.042 0.474 0.32 
0.298 0.246 0.566 0.01 0.494 0.426 0.172 0.568 0.018 0.068 0.4 0.34 0.478 0.314 0.536 0.512 0.57 0.384 0.244 0.466 0.07 0.566 0.454 0.398 0.122 0.38 0.07 0.2 0.358 0.346 0.212 0.57 0.29 0.018 0.072 0.362 0.478 0.198 0.202 0.214 0.39 0.038 0.168 0.054 0.51 0.12 0.466 0.304 0.4 0.006 0.376 0.596 0.55 0.338 0.008 0.38 0.486 0.314 0.114 0.438 0.35 0.298 0.38 0.092 0.596 0.534 0.492 0.218 0.16 0.358 0.362 0.214 0.438 0.076 0.05 0.398 0.14 0.428 0.22 0.11 0.464 0.13 0.036 0.44 0.074 0.128 0.218 0.206 0.288 0.5 0.482 0.202 0.088 0.054 0.082 0.42 0.392 0.248 0.366 0.396 
0.28 0.462 0.14 0.108 0.27 0.406 0.49 0.018 0.228 0.464 0.234 0.46 0.236 0.264 0.026 0.18 0.322 0.264 0.07 0.434 0.49 0.042 0.036 0.41 0.266 0.442 0.492 0.34 0.376 0.588 0.216 0.254 0.27 0.354 0.55 0.41 0.5 0.484 0.108 0.036 0.38 0.248 0.158 0.33 0.108 0.342 0.444 0.288 0.334 0.018 0.02 0.344 0.104 0.548 0.354 0.394 0.14 0.082 0.334 0.082 0.034 0.136 0.33 0.042 0.11 0.454 0.428 0.366 0.074 0.064 0.298 0.524 0.564 0.47 0.184 0.47 0.46 0.268 0.24 0.056 0.576 0.448 0.468 0.066 0.406 0.05 0.244 0.364 0.12 0.53 0.26 0.128 0.046 0.444 0.572 0.216 0.476 0.462 0.13 0.252 
0.324 0.526 0.556 0.038 0.102 0.082 0.23 0.352 0.336 0.242 0.196 0.174 0.262 0.078 0.478 0.304 0.26 0.148 0.162 0.284 0.236 0.4 0 0.468 0.212 0.36 0.38 0.046 0.598 0.136 0.37 0.268 0.51 0.088 0.088 0.216 0.2 0.038 0.436 0.298 0.294 0.16 0.398 0.296 0.168 0.038 0.064 0.48 0.376 0.34 0.194 0.266 0.28 0.444 0.29 0.28 0.054 0.5 0.164 0.294 0.398 0.5 0.06 0.592 0.208 0.262 0.41 0.302 0.164 0.478 0.334 0.14 0.152 0.486 0.512 0.546 0.232 0.514 0.172 0.132 0.066 0.086 0.144 0.028 0.596 0.142 0.474 0.322 0.418 0.44 0.372 0.454 0.482 0.106 0.046 0.256 0.182 0.594 0.398 0.162 
0.446 0.22 0.142 0.556 0.586 0.18 0.106 0.468 0.532 0.494 0.026 0.244 0.49 0.348 0.176 0.044 0.554 0.238 0.166 0.132 0.21 0.188 0.292 0.448 0.482 0.378 0.196 0.394 0.132 0.32 0.582 0.546 0.53 0.41 0.212 0.076 0.392 0.436 0.124 0.088 0.252 0.43 0.186 0.246 0.538 0.448 0.036 0.338 0.344 0.34 0.322 0.23 0.45 0.458 0.588 0.074 0.39 0.46 0.098 0.4 0.402 0.588 0.522 0.206 0.584 0.318 0.296 0.012 0.426 0.338 0.078 0.51 0.522 0.502 0.42 0.554 0.152 0.078 0.244 0.404 0.248 0.392 0.498 0.046 0.224 0.046 0.028 0.542 0.016 0.24 0.162 0.512 0.396 0.298 0.09 0.394 0.532 0.286 0.496 0.584 
0.062 0.008 0.39 0.588 0.1 0.498 0.302 0.362 0.196 0.49 0.35 0.49 0.168 0.266 0.2 0.598 0.534 0.394 0.418 0.482 0.262 0.598 0.196 0.348 0.174 0.318 0.124 0.49 0.258 0.318 0.048 0.334 0.332 0.136 0.054 0.588 0.098 0.592 0.284 0.446 0.192 0.034 0.222 0.536 0.096 0.362 0.266 0.148 0.176 0.568 0.336 0.536 0.05 0.408 0.088 0.042 0.52 0.222 0.444 0.302 0 0.284 0.06 0.25 0.46 0.502 0.04 0.596 0.054 0.56 0.21 0.164 0.25 0.028 0.224 0.408 0.384 0.218 0.476 0.21 0.332 0.332 0.142 0.16 0.128 0.482 0.052 0.172 0.27 0.266 0.302 0.448 0.552 0.584 0.118 0.102 0.592 0.454 0.014 0.174 
0.054 0.24 0.01 0.054 0.474 0.02 0.166 0.406 0.274 0.166 0.082 0.47 0.242 0.354 0.156 0.16 0.468 0.422 0.058 0.306 0.06 0.016 0.06 0.496 0.064 0.482 0.54 0.232 0.126 0.036 0.43 0.368 0.218 0.548 0.482 0.57 0.416 0.12 0.496 0.57 0.156 0.202 0.142 0.21 0.202 0.392 0.544 0.218 0.062 0.574 0.54 0.45 0.568 0.404 0.254 0.492 0.376 0.504 0.394 0.578 0.39 0.196 0.302 0.036 0.346 0.114 0.438 0.346 0.03 0.136 0.366 0.22 0.318 0.05 0.592 0.078 0.366 0.036 0.318 0.436 0.522 0.334 0.206 0.532 0.476 0.252 0.586 0.364 0.552 0.32 0.076 0.314 0.36 0.508 0.156 0.122 0.136 0.442 0.346 0.196 
0.514 0.116 0.438 0.49 0.402 0.378 0.032 0.312 0.278 0.05 0.05 0.064 0.556 0.042 0.032 0.324 0.174 0.016 0.476 0.06 0.21 0.58 0.398 0.338 0.014 0.106 0.426 0.112 0.57 0.566 0.296 0.586 0.198 0.324 0.412 0.132 0.27 0.438 0.142 0.528 0.398 0.016 0.494 0.028 0.428 0.424 0.014 0.244 0.454 0.584 0.44 0.598 0.196 0.342 0.172 0.184 0.304 0.034 0.248 0.576 0.186 0.178 0.376 0.428 0.592 0.336 0.292 0.316 0.474 0.29 0.336 0.594 0.45 0.494 0.042 0.074 0.486 0.414 0.14 0.098 0.492 0.278 0.304 0.024 0.44 0.062 0.152 0.182 0.45 0.29 0.598 0.432 0.548 0.512 0.154 0.544 0.472 0.216 0.592 0.018 
0.264 0.516 0.576 0.288 0.008 0.46 0.454 0.098 0.438 0.136 0.348 0.202 0.522 0.11 0.532 0.454 0.026 0.124 0.16 0.036 0.056 0.378 0.226 0.282 0.046 0.192 0.262 0.48 0.462 0.27 0.064 0.164 0.364 0.1 0.088 0.304 0.114 0.002 0.336 0.066 0.346 0.588 0.438 0.252 0.166 0.466 0.564 0.424 0.072 0.05 0.104 0.024 0.048 0.29 0.192 0.004 0.146 0.116 0.21 0.354 0.116 0.222 0.362 0.5 0.34 0.16 0.106 0.454 0.518 0.432 0.194 0.236 0.036 0.354 0.562 0.33 0.104 0.226 0.342 0.152 0.572 0.348 0.484 0.482 0.418 0.394 0.524 0.096 0.284 0.096 0.384 0.072 0.04 0.234 0.458 0.048 0.162 0.276 0.212 0.122 
0.5 0.494 0.516 0.278 0.21 0.562 0.136 0.028 0.002 0.232 0.588 0.334 0.09 0.534 0.278 0.526 0.2 0.348 0.288 0.198 0.25 0.56 0.434 0.248 0.098 0.572 0.148 0.114 0.17 0.03 0.116 0.55 0.26 0.564 0.222 0.074 0.54 0.524 0.182 0.056 0.522 0.224 0.592 0.152 0 0.316 0.342 0.382 0.296 0.044 0.196 0.1 0.116 0.056 0.49 0.084 0.476 0.32 0.146 0.354 0.186 0.19 0.208 0.226 0.264 0.25 0.208 0.39 0.242 0.296 0.336 0.368 0.44 0.382 0.276 0.064 0.238 0.074 0.332 0.264 0.324 0.468 0.262 0.074 0.588 0.204 0.422 0.228 0.284 0.338 0.468 0.494 0.26 0.006 0.282 0.012 0.422 0.194 0.074 0.404 
0.23 0.326 0.034 0.234 0.598 0.302 0.486 0.076 0.364 0.108 0.174 0.024 0.024 0.444 0.274 0.548 0.382 0.416 0.036 0.102 0.154 0.246 0.104 0.222 0.06 0.178 0.402 0.23 0.174 0.456 0.058 0.042 0.574 0.526 0.054 0.376 0.354 0.428 0.492 0.35 0.164 0.462 0.478 0.038 0.338 0.294 0.324 0.212 0.52 0.504 0.01 0.522 0.44 0.16 0.082 0.5 0.278 0.276 0.248 0.302 0.21 0.28 0.578 0.45 0.564 0.408 0.106 0.56 0.26 0.022 0.012 0.516 0.574 0.502 0.054 0.06 0.444 0.494 0.414 0.592 0.028 0.01 0.098 0.212 0.42 0.43 0.07 0.176 0.57 0.068 0.426 0.446 0.552 0.126 0.154 0.252 0.444 0.014 0.258 0.532 
0.454 0.25 0.2 0.496 0.35 0.26 0.514 0.226 0.392 0.432 0.584 0.41 0.102 0.014 0.46 0.206 0.294 0.504 0.11 0.568 0.27 0.588 0.292 0.58 0.072 0.294 0.21 0.214 0.556 0.316 0.162 0.092 0.598 0.044 0.584 0.226 0.416 0.104 0.282 0.182 0.552 0.248 0.314 0.216 0.492 0.516 0.464 0.326 0.254 0.262 0.282 0.558 0.274 0.2 0.474 0.218 0.5 0.308 0.08 0.194 0.254 0.558 0.292 0.078 0.076 0.562 0.596 0.584 0.442 0.194 0.186 0.426 0.412 0.058 0.186 0.102 0.032 0.188 0.076 0.576 0.35 0.342 0.242 0.16 0.366 0.532 0.598 0.512 0.418 0.132 0.536 0.118 0.19 0.368 0.056 0.188 0.064 0.532 0.116 0.532 
0.326 0.426 0.062 0.172 0.32 0.132 0.498 0.044 0.12 0.166 0.546 0.532 0.212 0.292 0.148 0.416 0.092 0.54 0.04 0.132 0.338 0.156 0.254 0.476 0.168 0.318 0.334 0.556 0.26 0.042 0.182 0.38 0.186 0.488 0.218 0.414 0.08 0.246 0.444 0.094 0.5 0.45 0.124 0.564 0.338 0.28 0.202 0.31 0.01 0.452 0.574 0.126 0.358 0.332 0.356 0.49 0.418 0.572 0.012 0.04 0.486 0.212 0.484 0.322 0.366 0.076 0.434 0.59 0.218 0.198 0.394 0.39 0.484 0.504 0.134 0.28 0.206 0.11 0.51 0.504 0.112 0.09 0.324 0.594 0.1 0.578 0.53 0.41 0.454 0.494 0.054 0.006 0.152 0.33 0.15 0.292 0.562 0.206 0.03 0.526 
0.52 0.032 0.362 0.554 0.266 0.456 0.568 0.406 0.488 0.352 0.148 0.016 0.07 0.404 0.27 0.482 0.572 0.186 0.04 0.228 0.488 0.514 0.024 0.408 0.592 0.582 0.012 0.052 0.232 0.566 0.266 0.022 0.352 0.41 0.53 0.212 0.396 0.036 0.438 0.582 0.048 0.534 0.5 0.468 0.19 0.15 0.55 0.388 0.374 0.13 0.124 0.278 0.216 0.12 0.364 0.572 0.19 0.244 0.07 0.496 0.118 0.038 0.076 0.132 0.546 0.3 0.52 0.082 0.586 0.096 0.412 0.236 0.336 0.424 0.13 0.038 0.454 0.542 0.428 0.084 0.5 0.098 0.456 0.122 0.154 0.472 0.45 0.212 0.13 0.366 0.306 0.41 0.452 0.506 0.33 0.09 0.454 0.36 0.462 0.56 
0.366 0.494 0.046 0.562 0.526 0.088 0.498 0.052 0.28 0.324 0.582 0.058 0.596 0.596 0.556 0.454 0.45 0.12 0.338 0.16 0.446 0.494 0.204 0.53 0.164 0.246 0.51 0.574 0.214 0.418 0.06 0.182 0.222 0.088 0.088 0.15 0.578 0.21 0.112 0.248 0.234 0.512 0.496 0.12 0.36 0.1 0.176 0.132 0.134 0.356 0.546 0.486 0.096 0.464 0.152 0.326 0.396 0.07 0.232 0.114 0.36 0.332 0.122 0.582 0.266 0.058 0.17 0.5 0.582 0.386 0.376 0.376 0.372 0.114 0.518 0.054 0.02 0.252 0.58 0.482 0.128 0.132 0.148 0.584 0.296 0.224 0.584 0.432 0.116 0.454 0.118 0.484 0.278 0.526 0.296 0.192 0.1 0.592 0.392 0.556 
0.016 0.172 0.474 0.206 0.046 0.002 0.482 0.49 0.46 0.588 0.4 0.586 0.508 0.588 0.208 0.284 0.048 0.338 0.362 0.486 0.454 0.402 0.004 0.246 0.076 0.522 0.268 0.402 0.01 0 0.464 0.112 0.072 0.22 0.234 0.586 0.554 0.184 0.22 0.18 0.016 0.15 0.378 0.138 0.382 0.478 0.07 0.212 0.278 0.146 0.138 0.146 0.088 0.054 0.59 0.472 0.19 0.404 0.232 0.414 0.044 0.528 0.096 0.216 0.544 0.216 0.58 0.114 0.494 0.462 0.572 0.392 0.012 0.534 0.428 0.38 0.334 0.01 0.222 0.366 0.106 0.478 0.052 0.284 0.458 0.48 0.454 0.08 0.172 0.286 0.094 0.506 0.34 0.02 0.01 0.418 0.342 0.142 0.084 0.464 
0.084 0.04 0.25 0.562 0.436 0.176 0.502 0.304 0.514 0.33 0.55 0.26 0.502 0.004 0.1 0.176 0.094 0.144 0.38 0.038 0.434 0.386 0.12 0.512 0.384 0.386 0.598 0.464 0.498 0.146 0.486 0.266 0.088 0.512 0.172 0.05 0.528 0.2 0.264 0.444 0.29 0.106 0.018 0.39 0.294 0.016 0.038 0.268 0.472 0.246 0.088 0.364 0.38 0.15 0.492 0.278 0.296 0.33 0.124 0.536 0.238 0.338 0.164 0.026 0.574 0.48 0.332 0.266 0.58 0.042 0.072 0.154 0.59 0.012 0.526 0.298 0.44 0.512 0.266 0.332 0.11 0.114 0.442 0.122 0.002 0.52 0.032 0.326 0.476 0.556 0.394 0.468 0.576 0.198 0.34 0.398 0.03 0.132 0.53 0.464 
0.148 0.356 0.274 0 0.496 0.186 0.516 0.514 0.542 0.316 0.164 0.434 0.33 0.012 0.04 0.424 0.208 0.204 0.194 0.072 0.486 0.032 0.356 0.012 0.448 0.43 0.346 0.12 0.356 0.272 0.238 0.016 0.576 0.564 0.242 0.432 0.046 0.224 0.172 0.34 0.532 0.484 0.536 0.516 0.152 0.324 0.292 0.362 0.106 0.408 0.076 0.394 0.244 0.19 0.422 0.23 0.174 0.042 0.474 0.208 0.356 0.48 0.128 0.332 0.388 0.062 0.13 0.112 0.568 0.53 0.412 0.53 0 0.568 0.378 0.404 0.422 0.514 0.014 0.214 0.454 0.372 0.286 0.47 0.224 0.262 0.354 0.498 0.012 0.002 0.27 0.492 0.118 0.352 0.022 0.216 0.18 0.528 0.594 0.45 
0.014 0.366 0.03 0.554 0.388 0.36 0.11 0.536 0.468 0.166 0.422 0.032 0.206 0.096 0 0.282 0.52 0.146 0.046 0.578 0.264 0.046 0.574 0.356 0.278 0.006 0.074 0.38 0.126 0.554 0.202 0.006 0.026 0.26 0.028 0.598 0.396 0.006 0.196 0.034 0.58 0.536 0.548 0.584 0.296 0.012 0.368 0.296 0.252 0.534 0.27 0.014 0.354 0.342 0.41 0.46 0.04 0.09 0.516 0.118 0.396 0.284 0.016 0.354 0.532 0.066 0.01 0.356 0.58 0.022 0.08 0.434 0.204 0.138 0.486 0.296 0.452 0.52 0.514 0.526 0.292 0.58 0.536 0.452 0.572 0.02 0.098 0.078 0.026 0.524 0.516 0.04 0.274 0.43 0.35 0.144 0.152 0.58 0.458 0.51 
0.42 0.354 0.168 0.15 0.27 0.352 0.28 0.296 0.258 0.38 0.466 0.134 0.074 0.046 0.49 0.406 0.188 0.572 0.268 0.504 0.35 0.282 0.25 0.402 0.11 0.008 0.356 0.382 0.466 0.12 0.05 0.052 0.45 0.18 0.578 0.014 0.07 0.094 0.238 0.566 0.028 0.256 0.026 0.096 0.452 0.28 0.054 0.218 0.132 0.33 0.53 0.174 0.146 0.152 0.3 0.506 0.506 0.458 0.018 0.486 0 0.342 0.222 0.156 0.326 0.576 0.136 0.004 0.52 0.136 0.346 0.332 0.12 0.236 0.37 0.202 0.57 0.438 0.292 0.426 0.392 0.178 0.588 0.408 0.438 0.438 0.054 0.176 0.322 0.19 0.504 0.486 0.18 0.294 0.33 0.448 0.568 0.25 0.106 0.384 
0.22 0.394 0.394 0.21 0.424 0.512 0.312 0.26 0.262 0.468 0.002 0.342 0.276 0.512 0.13 0.472 0.538 0.248 0.172 0.144 0.204 0.304 0.542 0.16 0.25 0.56 0.416 0.198 0.274 0.134 0.456 0.424 0.062 0.568 0.586 0.516 0.08 0.374 0.376 0.154 0.318 0.118 0.06 0.26 0.552 0.08 0.276 0.382 0.12 0.152 0.12 0.588 0.056 0.074 0.506 0.17 0.478 0.454 0.056 0.592 0.408 0.536 0.592 0.15 0.026 0.566 0.382 0.296 0.492 0.466 0.518 0.454 0.146 0.202 0.214 0.59 0.504 0.47 0.52 0.304 0.142 0.59 0.04 0.146 0.376 0.134 0.35 0.326 0.424 0.548 0.298 0.06 0.056 0.39 0.566 0.066 0.254 0.49 0.2 0.17 
0.38 0.344 0.276 0.342 0.386 0.592 0.546 0.322 0.016 0.232 0.4 0.478 0.454 0.594 0.544 0.556 0.178 0.344 0.586 0.316 0.198 0.556 0.332 0.42 0.084 0.59 0.134 0.554 0.108 0.508 0.184 0.004 0.252 0.588 0.29 0.148 0.296 0.566 0.288 0.362 0.35 0.34 0.094 0.236 0.196 0.134 0.188 0.544 0.134 0.076 0.182 0.578 0.136 0.12 0.224 0 0.024 0.068 0.354 0.35 0.234 0.58 0.094 0.18 0.48 0.01 0.368 0.286 0.228 0.128 0.2 0.196 0.364 0.35 0.14 0.446 0.596 0.302 0.128 0.354 0.446 0.52 0.328 0.234 0.334 0.14 0.038 0.51 0.594 0.254 0.33 0.2 0.576 0.538 0.426 0.596 0.088 0.518 0.3 0.112 
0.21 0.02 0.056 0.026 0.24 0.164 0.064 0.332 0.374 0.462 0.528 0.402 0.16 0.57 0.404 0.546 0.106 0.388 0.054 0.176 0.108 0.204 0.132 0.536 0.294 0.142 0.474 0.466 0.024 0.124 0.44 0.202 0.31 0.37 0.372 0.434 0.482 0.526 0.296 0.064 0.134 0.306 0.492 0.426 0.388 0.214 0.15 0.532 0.458 0.364 0.416 0.004 0.388 0.142 0.012 0.196 0.11 0.088 0.488 0.048 0.556 0.402 0.062 0.28 0.406 0.25 0.456 0.318 0.578 0.54 0.298 0.424 0.576 0.526 0 0.082 0.028 0.41 0.088 0.422 0.55 0.568 0.012 0.516 0.194 0.588 0.118 0.246 0.23 0.592 0.444 0.116 0.546 0.552 0.192 0.212 0.41 0.19 0.574 0.486 
0.282 0.478 0.176 0.278 0.354 0.344 0.304 0.392 0.364 0.342 0.37 0.058 0.368 0.494 0.536 0.078 0.598 0.23 0.044 0.484 0.024 0.214 0.262 0.496 0.108 0.342 0.38 0.218 0.516 0.45 0.254 0.136 0.128 0.31 0.21 0.578 0.014 0.11 0.592 0.446 0.282 0.498 0.068 0.168 0.252 0.572 0.222 0.444 0.538 0.316 0.022 0.4 0.008 0.17 0.406 0.524 0.216 0.244 0.48 0.202 0.074 0.024 0.494 0.438 0.182 0.296 0.12 0.41 0.05 0.38 0.26 0.562 0.176 0.19 0.476 0.022 0.368 0.294 0.11 0.342 0.004 0.4 0.322 0.234 0.33 0.078 0.002 0.246 0.23 0.018 0.306 0.004 0.462 0.37 0.578 0.214 0.088 0.07 0.128 0.024 
0.254 0.568 0.51 0.19 0.17 0.498 0.476 0.11 0.03 0.082 0.312 0.218 0.238 0.054 0.524 0.296 0.158 0.486 0.062 0.502 0.102 0.592 0.396 0.158 0.276 0.412 0.382 0.202 0.226 0.162 0.502 0.338 0.372 0.154 0.084 0.282 0.51 0.07 0.516 0.198 0.122 0.56 0.148 0.168 0.476 0.026 0.512 0.586 0.546 0.542 0.062 0.504 0.106 0.598 0.046 0.4 0.472 0.4 0.332 0.184 0.092 0.328 0.206 0.162 0.504 0.018 0.266 0.044 0.564 0.578 0.484 0.208 0.138 0.48 0.272 0.13 0.01 0.424 0.544 0.252 0.51 0.05 0.22 0.112 0.176 0.492 0.336 0.428 0.426 0.592 0.252 0.33 0.37 0.162 0.458 0.312 0.576 0.232 0.476 0.596 
0.43 0.198 0.444 0.266 0.536 0.458 0.086 0.232 0.056 0.322 0.18 0.248 0.082 0.494 0.094 0.038 0.162 0.564 0.178 0.01 0.006 0.298 0.18 0.182 0.136 0.29 0.034 0.09 0.534 0.14 0.276 0.172 0.25 0.404 0.364 0.19 0.056 0.11 0.192 0.44 0.482 0.426 0.492 0.356 0.254 0.006 0.448 0.372 0.172 0.33 0.594 0.536 0.432 0.036 0.488 0.408 0.526 0.158 0.23 0.344 0.286 0.214 0.234 0.252 0.434 0.56 0.114 0.138 0.072 0.316 0.2 0.044 0.148 0.07 0.056 0.228 0.116 0.198 0.454 0.384 0.042 0.48 0.578 0.472 0.086 0.586 0.092 0.442 0.456 0.188 0.036 0.004 0.286 0.392 0.454 0.434 0.37 0.006 0.344 0.152 
0.37 0.222 0.332 0.108 0.108 0.084 0.486 0 0.1 0.532 0.218 0.468 0.196 0.2 0.364 0.232 0.17 0.386 0.506 0.248 0.042 0.096 0.422 0.55 0.286 0.206 0.246 0.432 0.046 0.17 0.406 0.424 0.234 0.368 0.338 0.414 0.132 0.208 0.168 0.562 0.53 0.344 0.06 0.12 0.174 0.03 0.49 0.386 0.442 0.284 0.13 0.498 0.316 0.296 0.132 0.34 0.592 0.186 0.206 0.534 0.366 0.52 0.428 0.288 0.23 0.028 0.048 0.122 0.25 0.2 0.334 0.144 0.298 0.234 0.436 0.226 0.116 0.158 0.538 0.372 0.15 0.048 0.092 0.174 0.034 0.164 0.542 0.48 0.202 0.27 0.05 0.346 0.094 0.212 0.576 0.434 0.086 0.476 0.168 0.114 
0.078 0.388 0.32 0.462 0.506 0.13 0.274 0.18 0.342 0.054 0.394 0.52 0.568 0.382 0.398 0.582 0.08 0.38 0.012 0.426 0.196 0.046 0.18 0.324 0.45 0.042 0.19 0.092 0.356 0.508 0.202 0.046 0.426 0.196 0.292 0.374 0.356 0.024 0.436 0.164 0.368 0.028 0.312 0.438 0.516 0.254 0.46 0.002 0.452 0.584 0.132 0.248 0.488 0.51 0.204 0.438 0.376 0.168 0.442 0.312 0.07 0.136 0.198 0.42 0.426 0.216 0.27 0.43 0.524 0.108 0.204 0.068 0.23 0.42 0.126 0.348 0.384 0.168 0.362 0.096 0.08 0.248 0.002 0.362 0.204 0.586 0.192 0.44 0.202 0.31 0.558 0.356 0.228 0.414 0.146 0.598 0.332 0.136 0.17 0.448 
0.528 0.174 0.058 0.436 0.222 0.004 0.444 0.084 0.174 0.284 0.194 0.376 0.144 0.476 0.226 0.466 0.496 0.062 0.3 0.192 0.518 0.018 0.458 0.434 0.448 0.412 0.042 0.378 0.05 0.076 0.418 0.138 0.562 0.078 0.014 0.258 0.226 0.308 0.17 0.5 0.586 0.498 0.588 0.004 0.216 0.268 0.254 0.544 0.014 0.392 0.484 0.544 0.3 0.016 0.238 0.442 0.566 0.254 0.146 0.41 0.088 0.316 0.55 0.088 0.182 0.068 0.304 0.166 0.248 0.372 0.126 0.262 0.002 0.306 0.51 0.052 0.592 0.256 0.502 0.322 0.22 0.56 0.106 0.054 0.182 0.582 0.304 0.018 0.052 0.338 0.068 0.526 0.26 0.042 0.334 0.498 0.034 0.13 0.422 0.25 
0.016 0.324 0.5 0.448 0.03 0.198 0.54 0.31 0.222 0.442 0.36 0.474 0.538 0.214 0.27 0.532 0.184 0.164 0.098 0.212 0.388 0.448 0.288 0.34 0.318 0.066 0.312 0.386 0.582 0.444 0.41 0.574 0.314 0.396 0.256 0.492 0.24 0.394 0.458 0.548 0.178 0.518 0.328 0.158 0.344 0.538 0.416 0.434 0.326 0.044 0.436 0.366 0.154 0.24 0.356 0.508 0.528 0.494 0.006 0.448 0.252 0.526 0.582 0.384 0.584 0.108 0.26 0.498 0.15 0.45 0.186 0.182 0.324 0.342 0.474 0.08 0.576 0.108 0.526 0.534 0.072 0.322 0.238 0.226 0.412 0.17 0.1 0.408 0.08 0.144 0.506 0.33 0.09 0.412 0.452 0.514 0.392 0.092 0.16 0.392 
